[gd_scene load_steps=12 format=2]

[ext_resource path="res://Assets/Ryba/Ryba32.dae" type="PackedScene" id=1]

[sub_resource type="CapsuleShape" id=1]
radius = 0.113777
height = 0.910217

[sub_resource type="CapsuleShape" id=2]
radius = 0.0378598
height = 0.302879

[sub_resource type="CapsuleShape" id=3]
radius = 0.0392922
height = 0.314338

[sub_resource type="CapsuleShape" id=4]
radius = 0.102467
height = 0.819737

[sub_resource type="CapsuleShape" id=5]
radius = 0.0379443
height = 0.303554

[sub_resource type="CapsuleShape" id=6]
radius = 0.0224089
height = 0.179271

[sub_resource type="CapsuleShape" id=7]
radius = 0.0618273
height = 0.494618

[sub_resource type="CapsuleShape" id=8]
radius = 0.0549501
height = 0.439601

[sub_resource type="CapsuleShape" id=9]
radius = 0.0378599
height = 0.302879

[sub_resource type="CapsuleShape" id=10]
radius = 0.0392922
height = 0.314338

[node name="Fish" index="0" instance=ExtResource( 1 )]

[node name="Physical Bone Środek" type="PhysicalBone" parent="Armature/Skeleton" index="1"]
editor/display_folded = true
transform = Transform( 0.012206, -0.0139241, 0.999829, -1.1497e-005, 0.999903, 0.0139252, -0.999925, -0.000181466, 0.0122048, -0.0750678, 0.0661931, -0.0248029 )
joint_offset = Transform( 1, 0, 0, 0, 1, 0, 0, 0, 1, 3.72529e-009, 4.56604e-011, 0.568886 )
body_offset = Transform( 1, 0, 0, -2.91038e-011, 1, -8.02629e-011, -1.86265e-009, -4.82032e-011, 1, -3.72529e-009, 0, -0.568886 )
bone_name = "Środek"

[node name="CollisionShape" type="CollisionShape" parent="Armature/Skeleton/Physical Bone Środek" index="0"]
shape = SubResource( 1 )

[node name="Physical Bone Płetwa_lewa_3" type="PhysicalBone" parent="Armature/Skeleton" index="2"]
editor/display_folded = true
transform = Transform( 0.381055, -0.305354, 0.872672, 0.082606, 0.951355, 0.296815, -0.920855, -0.0410149, 0.387742, -0.375793, 0.113776, -1.15673 )
joint_type = 1
joint_offset = Transform( 1, 0, 0, 0, 1, 0, 0, 0, 1, 5.96046e-008, 9.52013e-009, 0.189299 )
body_offset = Transform( 1, -2.23517e-008, 0, -1.11759e-008, 1, -5.02914e-008, 2.98023e-008, 1.30385e-008, 1, -5.96046e-008, 0, -0.189299 )
bone_name = "Płetwa_lewa_3"
joint_constraints/bias = 0.3
joint_constraints/damping = 1.0
joint_constraints/impulse_clamp = 0.0

[node name="CollisionShape" type="CollisionShape" parent="Armature/Skeleton/Physical Bone Płetwa_lewa_3" index="0"]
shape = SubResource( 2 )

[node name="Physical Bone Płetwa_lewa_4" type="PhysicalBone" parent="Armature/Skeleton" index="3"]
editor/display_folded = true
transform = Transform( 0.457805, -0.228222, 0.859261, 0.0793958, 0.973124, 0.216163, -0.8855, -0.0307387, 0.463621, -0.336362, -0.328016, -1.13637 )
joint_type = 1
joint_offset = Transform( 1, 0, 0, 0, 1, 0, 0, 0, 1, -4.58882e-017, 4.10601e-009, 0.196461 )
body_offset = Transform( 1, 1.11759e-008, 0, 1.30385e-008, 1, 5.4948e-008, 2.98023e-008, -2.98023e-008, 1, 0, -1.49012e-008, -0.196461 )
bone_name = "Płetwa_lewa_4"
joint_constraints/bias = 0.3
joint_constraints/damping = 1.0
joint_constraints/impulse_clamp = 0.0

[node name="CollisionShape" type="CollisionShape" parent="Armature/Skeleton/Physical Bone Płetwa_lewa_4" index="0"]
shape = SubResource( 3 )

[node name="Physical Bone Bone" type="PhysicalBone" parent="Armature/Skeleton" index="4"]
editor/display_folded = true
transform = Transform( -0.00544522, -0.0368756, 0.999305, -0.000114105, 0.99932, 0.0368756, -0.999985, 8.67684e-005, -0.00544569, -1.09788, 0.0401857, -0.0282486 )
joint_type = 1
joint_offset = Transform( 1, 0, 0, 0, 1, 0, 0, 0, 1, -3.96386e-009, 5.23942e-009, 0.512336 )
body_offset = Transform( 1, -1.45519e-011, 4.65661e-010, -1.45519e-011, 1, 4.31584e-009, 0, -6.8548e-009, 1, 3.72529e-009, -7.45058e-009, -0.512336 )
bone_name = "Bone"
joint_constraints/bias = 0.3
joint_constraints/damping = 1.0
joint_constraints/impulse_clamp = 0.0

[node name="CollisionShape" type="CollisionShape" parent="Armature/Skeleton/Physical Bone Bone" index="0"]
shape = SubResource( 4 )

[node name="Physical Bone Tyl" type="PhysicalBone" parent="Armature/Skeleton" index="5"]
transform = Transform( -0.0441092, -0.0341546, 0.998443, -0.000360891, 0.999416, 0.034172, -0.999026, 0.00114697, -0.0440958, -1.79946, 0.0194532, -0.0182623 )
joint_type = 1
joint_offset = Transform( 1, 0, 0, 0, 1, 0, 0, 0, 1, -8.86412e-009, 1.10364e-009, 0.189722 )
body_offset = Transform( 1, -1.16415e-010, 7.45058e-009, -2.32831e-010, 1, -5.81713e-009, 0, -5.82804e-009, 1, 7.45058e-009, 0, -0.189722 )
bone_name = "Tyl"
joint_constraints/bias = 0.3
joint_constraints/damping = 1.0
joint_constraints/impulse_clamp = 0.0

[node name="CollisionShape" type="CollisionShape" parent="Armature/Skeleton/Physical Bone Tyl" index="0"]
shape = SubResource( 5 )

[node name="Physical Bone Ogon" type="PhysicalBone" parent="Armature/Skeleton" index="6"]
transform = Transform( -0.0114465, -0.0444752, 0.998945, 1.84183e-008, 0.99901, 0.0444781, -0.999934, 0.000509117, -0.0114351, -2.10081, 0.00798656, -0.00861523 )
joint_type = 1
joint_offset = Transform( 1, 0, 0, 0, 1, 0, 0, 0, 1, 2.08699e-010, 2.31208e-008, 0.112045 )
body_offset = Transform( 1, 5.82077e-011, -1.86265e-009, -5.82077e-011, 1, -6.8635e-009, 1.86265e-009, 8.02174e-010, 1, 0, -2.23517e-008, -0.112045 )
bone_name = "Ogon"
joint_constraints/bias = 0.3
joint_constraints/damping = 1.0
joint_constraints/impulse_clamp = 0.0

[node name="CollisionShape" type="CollisionShape" parent="Armature/Skeleton/Physical Bone Ogon" index="0"]
shape = SubResource( 6 )

[node name="Physical Bone Ogon_góra_1" type="PhysicalBone" parent="Armature/Skeleton" index="7"]
transform = Transform( 0.00453387, 0.56595, 0.824427, 1.53923e-008, 0.824435, -0.565956, -0.99999, 0.00256598, 0.00373789, -2.33487, 0.392364, -0.000227944 )
joint_type = 1
joint_offset = Transform( 1, 0, 0, 0, 1, 0, 0, 0, 1, -2.0066e-009, -2.23339e-007, 0.309137 )
body_offset = Transform( 1, 4.65661e-010, 4.65661e-010, -2.32831e-010, 1, 1.44029e-007, 2.32831e-010, -5.05679e-009, 1, 1.86265e-009, 1.78814e-007, -0.309137 )
bone_name = "Ogon_góra_1"
joint_constraints/bias = 0.3
joint_constraints/damping = 1.0
joint_constraints/impulse_clamp = 0.0

[node name="CollisionShape" type="CollisionShape" parent="Armature/Skeleton/Physical Bone Ogon_góra_1" index="0"]
shape = SubResource( 7 )

[node name="Physical Bone Ogon_dół_1" type="PhysicalBone" parent="Armature/Skeleton" index="8"]
transform = Transform( 0.00464975, -0.653721, 0.756722, -9.35821e-007, 0.75673, 0.653728, -0.999989, -0.00304039, 0.00351806, -2.30367, -0.382692, -0.000322566 )
joint_type = 1
joint_offset = Transform( 1, 0, 0, 0, 1, 0, 0, 0, 1, 2.92191e-009, -7.90377e-008, 0.274751 )
body_offset = Transform( 1, 0, -4.65661e-010, -4.65661e-010, 1, -1.46211e-007, -4.65661e-010, 3.276e-008, 1, -2.79397e-009, 1.19209e-007, -0.274751 )
bone_name = "Ogon_dół_1"
joint_constraints/bias = 0.3
joint_constraints/damping = 1.0
joint_constraints/impulse_clamp = 0.0

[node name="CollisionShape" type="CollisionShape" parent="Armature/Skeleton/Physical Bone Ogon_dół_1" index="0"]
shape = SubResource( 8 )

[node name="Physical Bone Płetwa_prawa_3" type="PhysicalBone" parent="Armature/Skeleton" index="9"]
transform = Transform( -0.352401, -0.338022, 0.872671, -0.166859, 0.940244, 0.296815, -0.920854, -0.0410149, -0.387745, -0.375793, 0.113776, 1.15673 )
joint_type = 1
joint_offset = Transform( 1, 0, 0, 0, 1, 0, 0, 0, 1, -1.19209e-007, -1.76299e-009, 0.189299 )
body_offset = Transform( 1, 1.11759e-008, 0, -3.72529e-009, 1, 9.31323e-009, 0, 5.7742e-008, 1, 1.19209e-007, 0, -0.189299 )
bone_name = "Płetwa_prawa_3"
joint_constraints/bias = 0.3
joint_constraints/damping = 1.0
joint_constraints/impulse_clamp = 0.0

[node name="CollisionShape" type="CollisionShape" parent="Armature/Skeleton/Physical Bone Płetwa_prawa_3" index="0"]
shape = SubResource( 9 )

[node name="Physical Bone Płetwa_prawa_4" type="PhysicalBone" parent="Armature/Skeleton" index="10"]
transform = Transform( -0.440877, -0.259418, 0.859261, -0.146685, 0.965276, 0.216163, -0.8855, -0.0307389, -0.463621, -0.336362, -0.328016, 1.13637 )
joint_type = 1
joint_offset = Transform( 1, 0, 0, 0, 1, 0, 0, 0, 1, -1.19209e-007, -5.26518e-008, 0.196461 )
body_offset = Transform( 1, -1.30385e-008, 0, -1.86265e-009, 1, -3.53903e-008, 0, -8.3819e-009, 1, 1.19209e-007, 5.96046e-008, -0.196461 )
bone_name = "Płetwa_prawa_4"
joint_constraints/bias = 0.3
joint_constraints/damping = 1.0
joint_constraints/impulse_clamp = 0.0

[node name="CollisionShape" type="CollisionShape" parent="Armature/Skeleton/Physical Bone Płetwa_prawa_4" index="0"]
shape = SubResource( 10 )

